0
1
3
5
8
10
11
100
101
102
103
104
106
107
110
209
210
300
301
302
303
304
307
308
309
311
400
402
404
405
406
407
408
409
410
411
505
507
510
511
600
601
603
706
707
708
710
804
808
809
810
900
901
902
904
906
908
910
1000
1003
1007
1008
1101
1102
1103
1105
1107
1108
10000
10002
10003
10005
10006
10008
10010
10011
10100
10101
10102
10104
10105
10108
10109
10200
10201
10202
10204
10207
10208
10300
10304
10305
10306
10308
10311
10400
10402
10403
10411
10501
10504
10505
10509
10510
10600
10601
10606
10607
10608
10609
10610
10611
10700
10702
10704
10705
10706
10708
10800
10802
10805
10808
10809
10810
10900
10901
10902
10903
10904
10905
10906
10909
10910
11000
11001
11005
11007
11008
11100
11101
11103
11108
11110
11111
20001
20003
20008
20009
20010
20011
20101
20102
20105
20108
20110
20200
20201
20203
20204
20206
20208
20209
20211
20302
20304
20306
20307
20308
20309
20311
20401
20405
20406
20407
20410
20504
20505
20507
20511
20600
20601
20602
20604
20605
20608
20611
20701
20705
20709
20802
20804
20805
20809
20810
20903
20904
20905
20906
20907
20908
20910
21000
21003
21005
21008
21011
21104
21109
21111
30000
30001
30002
30005
30006
30007
30008
30100
30106
30107
30109
30110
30111
30204
30205
30209
30300
30303
30308
30311
30402
30403
30404
30405
30408
30411
30500
30501
30502
30503
30506
30511
30600
30601
30603
30606
30607
30608
30700
30702
30703
30707
30708
30709
30710
30711
30801
30802
30803
30804
30806
30807
30810
30900
30904
30907
30911
31000
31001
31003
31005
31007
31008
31009
31010
31103
31106
31108
40000
40003
40004
40006
40008
40009
40100
40102
40105
40106
40107
40203
40204
40205
40206
40207
40209
40210
40211
40305
40306
40307
40400
40402
40403
40404
40406
40411
40501
40506
40507
40509
40511
40602
40603
40605
40607
40609
40610
40611
40704
40706
40707
40708
40710
40711
40801
40802
40803
40805
40810
40900
40902
40905
40906
40908
40909
41000
41001
41003
41004
41008
41010
41102
41103
41104
41105
41107
41110
50001
50005
50007
50008
50011
50100
50101
50102
50104
50105
50110
50201
50202
50206
50210
50211
50303
50304
50305
50307
50308
50311
50400
50405
50406
50503
50504
50507
50508
50510
50601
50603
50604
50605
50606
50609
50610
50611
50700
50701
50702
50705
50707
50708
50710
50800
50802
50803
50806
50807
50810
50811
50902
50904
50905
50909
50910
51002
51004
51006
51007
51011
51101
51102
51103
51104
51106
51107
51108
60001
60005
60009
60010
60011
60101
60102
60103
60105
60107
60108
60111
60200
60205
60206
60207
60209
60210
60211
60301
60302
60303
60307
60309
60405
60409
60411
60500
60501
60502
60503
60505
60506
60510
60511
60600
60601
60603
60604
60608
60610
60611
60700
60707
60710
60711
60801
60803
60806
60807
60808
60810
60900
60901
60905
60906
60907
60908
60909
60910
60911
61001
61002
61004
61007
61009
61010
61011
61101
61102
61103
61105
61106
61108
61111
70001
70003
70004
70007
70008
70100
70101
70107
70108
70109
70111
70200
70202
70204
70207
70208
70209
70210
70211
70300
70301
70303
70308
70309
70400
70401
70402
70403
70404
70405
70406
70408
70409
70410
70411
70503
70507
70509
70510
70511
70601
70602
70604
70605
70607
70610
70611
70704
70800
70801
70802
70804
70806
70808
70810
70901
70903
70905
70906
70907
70910
71001
71004
71007
71008
71009
71010
71011
71100
71101
71103
71104
71106
71107
71108
71109
71110
71111
80000
80001
80004
80007
80010
80101
80102
80103
80106
80108
80109
80111
80200
80202
80203
80205
80206
80208
80211
80300
80301
80302
80303
80307
80308
80402
80403
80404
80405
80408
80501
80502
80503
80506
80510
80601
80604
80607
80701
80703
80706
80708
80800
80802
80804
80805
80806
80807
80808
80811
80903
80904
80905
80906
81000
81002
81004
81007
81010
81102
81103
81106
81107
81109
81111
90000
90003
90004
90006
90007
90009
90011
90100
90102
90104
90106
90201
90204
90205
90206
90207
90209
90300
90303
90305
90307
90400
90401
90402
90403
90405
90408
90410
90411
90500
90501
90502
90503
90504
90508
90509
90510
90607
90608
90609
90611
90700
90701
90702
90703
90704
90705
90706
90707
90710
90711
90803
90804
90806
90807
90808
90810
90904
90905
90908
90910
90911
91004
91005
91006
91007
91100
91109
91110
91111
100000
100001
100004
100005
100006
100007
100008
100101
100103
100110
100111
100201
100202
100205
100206
100207
100211
100300
100302
100304
100308
100400
100402
100408
100411
100500
100501
100502
100503
100504
100507
100508
100510
100511
100604
100606
100608
100609
100700
100701
100702
100703
100704
100705
100706
100707
100709
100711
100803
100804
100805
100806
100807
100808
100809
100810
100900
100901
100903
100904
100909
101001
101002
101003
101004
101005
101006
101009
101011
101100
101102
101105
101106
101107
101109
101110
110007
110009
110011
110100
110102
110103
110105
110108
110109
110110
110200
110203
110205
110206
110208
110210
110305
110307
110308
110400
110402
110403
110404
110406
110407
110408
110409
110500
110502
110503
110504
110505
110506
110509
110510
110600
110605
110610
110611
110701
110703
110705
110706
110711
110801
110802
110803
110804
110806
110807
110808
110810
110811
110900
110905
110907
110908
110909
111000
111004
111005
111007
111008
111009
111010
111011
111100
111101
111102
111104
111110
