2012 02 02  12705.41
2012 02 03  12862.23
2012 02 06  12845.13
2012 02 07  12878.20
2012 02 08  12883.95
2012 02 09  12890.46
2012 02 10  12801.23
2012 02 13  12874.04
2012 02 14  12878.28
2012 02 15  12780.95
2012 02 16  12904.08
2012 02 17  12949.87
2012 02 21  12965.69
2012 02 22  12938.67
2012 02 23  12984.69
2012 02 24  12982.95
2012 02 27  12981.51
2012 02 28  13005.12
2012 02 29  12952.07
2012 03 01  12980.30
2012 03 02  12977.57
2012 03 05  12962.81
2012 03 06  12759.15
2012 03 07  12837.33
2012 03 08  12907.94
2012 03 09  12922.02
2012 03 12  12959.71
2012 03 13  13177.68
2012 03 14  13194.10
2012 03 15  13252.76
2012 03 16  13232.62
2012 03 19  13239.13
2012 03 20  13170.19
2012 03 21  13124.62
2012 03 22  13046.14
2012 03 23  13080.73
2012 03 26  13241.63
2012 03 27  13197.73
2012 03 28  13126.21
2012 03 29  13145.82
2012 03 30  13212.04
2012 04 02  13264.49
2012 04 03  13199.55
2012 04 04  13074.75
2012 04 05  13060.14
2012 04 09  12929.59
2012 04 10  12715.93
2012 04 11  12805.39
2012 04 12  12986.58
2012 04 13  12849.59
2012 04 16  12921.41
2012 04 17  13115.54
2012 04 18  13032.75
2012 04 19  12964.10
2012 04 20  13029.26
2012 04 23  12927.17
2012 04 24  13001.56
2012 04 25  13090.72
2012 04 26  13204.62
2012 04 27  13228.31
2012 04 30  13213.63
2012 05 01  13279.32
2012 05 02  13268.57
2012 05 03  13206.59
2012 05 04  13038.27
2012 05 07  13008.53
2012 05 08  12932.09
2012 05 09  12835.06
2012 05 10  12855.04
2012 05 11  12820.60
2012 05 14  12695.35
2012 05 15  12632.00
2012 05 16  12598.55
2012 05 17  12442.49
2012 05 18  12369.38
2012 05 21  12504.48
2012 05 22  12502.81
2012 05 23  12496.15
2012 05 24  12529.75
2012 05 25  12454.83
2012 05 29  12580.69
2012 05 30  12419.86
2012 05 31  12393.45
2012 06 01  12118.57
2012 06 04  12101.46
2012 06 05  12127.95
2012 06 06  12414.79
2012 06 07  12460.96
2012 06 08  12554.20
2012 06 11  12411.23
2012 06 12  12573.80
2012 06 13  12496.38
2012 06 14  12651.91
2012 06 15  12767.17
2012 06 18  12741.82
2012 06 19  12837.33
2012 06 20  12824.39
2012 06 21  12573.57
2012 06 22  12640.78
2012 06 25  12502.66
2012 06 26  12534.67
2012 06 27  12627.01
2012 06 28  12602.26
2012 06 29  12880.09
2012 07 02  12871.39
2012 07 03  12943.82
2012 07 05  12896.67
2012 07 06  12772.47
2012 07 09  12736.29
2012 07 10  12653.12
2012 07 11  12604.53
2012 07 12  12573.27
2012 07 13  12777.09
2012 07 16  12727.21
2012 07 17  12805.54
2012 07 18  12908.70
2012 07 19  12943.36
2012 07 20  12822.57
2012 07 23  12721.46
2012 07 24  12617.32
2012 07 25  12676.05
2012 07 26  12887.93
2012 07 27  13075.66
2012 07 30  13073.01
2012 07 31  13008.68
2012 08 01  12971.06
2012 08 02  12878.88
2012 08 03  13096.17
2012 08 06  13117.51
2012 08 07  13168.60
2012 08 08  13175.64
2012 08 09  13165.19
2012 08 10  13207.95
2012 08 13  13169.43
2012 08 14  13172.14
2012 08 15  13164.78
2012 08 16  13250.11
2012 08 17  13275.20
2012 08 20  13271.64
2012 08 21  13203.58
2012 08 22  13172.76
2012 08 23  13057.46
2012 08 24  13157.97
2012 08 27  13124.67
2012 08 28  13102.99
2012 08 29  13107.48
2012 08 30  13000.71
2012 08 31  13090.84
2012 09 04  13035.94
2012 09 05  13047.48
2012 09 06  13292.00
2012 09 07  13306.64
2012 09 10  13254.29
2012 09 11  13323.36
2012 09 12  13333.35
2012 09 13  13539.86
2012 09 14  13593.37
2012 09 17  13553.10
2012 09 18  13564.64
2012 09 19  13577.96
2012 09 20  13596.93
2012 09 21  13579.47
2012 09 24  13558.92
2012 09 25  13457.55
2012 09 26  13413.51
2012 09 27  13485.97
2012 09 28  13437.13
2012 10 01  13515.11
2012 10 02  13482.36
2012 10 03  13494.61
2012 10 04  13575.36
2012 10 05  13610.15
2012 10 08  13583.65
2012 10 09  13473.53
2012 10 10  13344.97
2012 10 11  13326.39
2012 10 12  13328.85
2012 10 15  13424.23
2012 10 16  13551.78
2012 10 17  13557.00
2012 10 18  13548.94
2012 10 19  13343.51
2012 10 22  13345.89
2012 10 23  13102.53
2012 10 24  13077.34
2012 10 25  13103.68
2012 10 26  13107.21
2012 10 31  13096.46
2012 11 01  13232.62
2012 11 02  13093.16
2012 11 05  13112.44
2012 11 06  13245.68
2012 11 07  12932.73
2012 11 08  12811.32
2012 11 09  12815.39
2012 11 12  12815.08
2012 11 13  12756.18
2012 11 14  12570.95
2012 11 15  12542.38
2012 11 16  12588.31
2012 11 19  12795.96
2012 11 20  12788.51
2012 11 21  12836.89
2012 11 23  13009.68
2012 11 26  12967.37
2012 11 27  12878.13
2012 11 28  12985.11
2012 11 29  13021.82
2012 11 30  13025.58
2012 12 03  12965.60
2012 12 04  12951.78
2012 12 05  13034.49
2012 12 06  13074.04
2012 12 07  13155.13
2012 12 10  13169.88
2012 12 11  13248.44
2012 12 12  13245.45
2012 12 13  13170.72
2012 12 14  13135.01
2012 12 17  13235.39
2012 12 18  13350.96
2012 12 19  13251.97
2012 12 20  13311.72
2012 12 21  13190.84
2012 12 24  13139.08
2012 12 26  13114.59
2012 12 27  13096.31
2012 12 28  12938.11
2012 12 31  13104.14
2013 01 02  13412.55
2013 01 03  13391.36
2013 01 04  13435.21
2013 01 07  13384.29
2013 01 08  13328.85
2013 01 09  13390.51
2013 01 10  13471.22
2013 01 11  13488.43
2013 01 14  13507.32
2013 01 15  13534.89
2013 01 16  13511.23
2013 01 17  13596.02
2013 01 18  13649.70
2013 01 22  13712.21
2013 01 23  13779.33
2013 01 24  13825.33
2013 01 25  13895.98
2013 01 28  13881.93
2013 01 29  13954.42
2013 01 30  13910.42
2013 01 31  13860.58
2013 02 01  14009.79
2013 02 04  13880.08
2013 02 05  13979.30
2013 02 06  13986.52
2013 02 07  13944.05
2013 02 08  13992.97
2013 02 11  13971.24
2013 02 12  14018.70
2013 02 13  13982.91
2013 02 14  13973.39
2013 02 15  13981.76
2013 02 19  14035.67
2013 02 20  13927.54
2013 02 21  13880.62
2013 02 22  14000.57
2013 02 25  13784.17
2013 02 26  13900.13
2013 02 27  14075.37
2013 02 28  14054.49
2013 03 01  14089.66
2013 03 04  14127.82
2013 03 05  14253.77
2013 03 06  14296.24
2013 03 07  14329.49
2013 03 08  14397.07
2013 03 11  14447.29
2013 03 12  14450.06
2013 03 13  14455.28
2013 03 14  14539.14
2013 03 15  14514.11
2013 03 18  14452.06
2013 03 19  14455.82
2013 03 20  14511.73
2013 03 21  14421.49
2013 03 22  14512.03
2013 03 25  14447.75
2013 03 26  14559.65
2013 03 27  14526.16
2013 03 28  14578.54
2013 04 01  14572.85
2013 04 02  14662.01
2013 04 03  14550.35
2013 04 04  14606.11
2013 04 05  14565.25
2013 04 08  14613.48
2013 04 09  14673.46
2013 04 10  14802.24
2013 04 11  14865.14
2013 04 12  14865.06
2013 04 15  14599.20
2013 04 16  14756.78
2013 04 17  14618.59
2013 04 18  14537.14
2013 04 19  14547.51
2013 04 22  14567.17
2013 04 23  14719.46
2013 04 24  14676.30
2013 04 25  14700.80
2013 04 26  14712.55
2013 04 29  14818.75
2013 04 30  14839.80
2013 05 01  14700.95
2013 05 02  14831.58
2013 05 03  14973.96
2013 05 06  14968.89
2013 05 07  15056.20
2013 05 08  15105.12
2013 05 09  15082.62
2013 05 10  15118.49
2013 05 13  15091.68
2013 05 14  15215.25
2013 05 15  15275.69
2013 05 16  15233.22
2013 05 17  15354.40
2013 05 20  15335.28
2013 05 21  15387.58
2013 05 22  15307.17
2013 05 23  15294.50
2013 05 24  15303.10
2013 05 28  15409.39
2013 05 29  15302.80
2013 05 30  15324.53
2013 05 31  15115.57
2013 06 03  15254.03
2013 06 04  15177.54
2013 06 05  14960.59
2013 06 06  15040.62
2013 06 07  15248.12
2013 06 10  15238.59
2013 06 11  15122.02
2013 06 12  14995.23
2013 06 13  15176.08
2013 06 14  15070.18
2013 06 17  15179.85
2013 06 18  15318.23
2013 06 19  15112.19
2013 06 20  14758.32
2013 06 21  14799.40
2013 06 24  14659.56
2013 06 25  14760.31
2013 06 26  14910.14
2013 06 27  15024.49
2013 06 28  14909.60
2013 07 01  14974.96
2013 07 02  14932.41
2013 07 03  14988.55
2013 07 05  15135.84
2013 07 08  15224.69
2013 07 09  15300.34
2013 07 10  15291.66
2013 07 11  15460.92
2013 07 12  15464.30
2013 07 15  15484.26
2013 07 16  15451.85
2013 07 17  15470.52
2013 07 18  15548.54
2013 07 19  15543.74
2013 07 22  15545.55
2013 07 23  15567.74
2013 07 24  15542.24
2013 07 25  15555.61
2013 07 26  15558.83
2013 07 29  15521.97
2013 07 30  15520.59
2013 07 31  15499.54
2013 08 01  15628.02
2013 08 02  15658.36
2013 08 05  15612.13
2013 08 06  15518.74
2013 08 07  15470.67
2013 08 08  15498.32
2013 08 09  15425.51
2013 08 12  15419.68
2013 08 13  15451.01
2013 08 14  15337.66
2013 08 15  15112.19
2013 08 16  15081.47
2013 08 19  15010.74
2013 08 20  15002.99
2013 08 21  14897.55
2013 08 22  14963.74
2013 08 23  15010.51
2013 08 26  14946.46
2013 08 27  14776.13
2013 08 28  14824.51
2013 08 29  14840.95
2013 08 30  14810.31
2013 09 03  14833.96
2013 09 04  14930.87
2013 09 05  14937.48
2013 09 06  14922.50
2013 09 09  15063.12
2013 09 10  15191.06
2013 09 11  15326.60
2013 09 12  15300.64
2013 09 13  15376.06
2013 09 16  15494.78
2013 09 17  15529.73
2013 09 18  15676.94
2013 09 19  15636.55
2013 09 20  15451.09
2013 09 23  15401.38
2013 09 24  15334.59
2013 09 25  15273.26
2013 09 26  15328.30
2013 09 27  15258.24
2013 09 30  15129.67
2013 10 01  15191.70
2013 10 02  15133.14
2013 10 03  14996.48
2013 10 04  15072.58
2013 10 07  14936.24
2013 10 08  14776.53
2013 10 09  14802.98
2013 10 10  15126.07
2013 10 11  15237.11
2013 10 14  15301.26
2013 10 15  15168.01
2013 10 16  15373.83
2013 10 17  15371.65
2013 10 18  15399.65
2013 10 21  15392.20
2013 10 22  15467.66
2013 10 23  15413.33
2013 10 24  15509.21
2013 10 25  15570.28
2013 10 28  15568.93
2013 10 29  15680.35
2013 10 30  15618.76
2013 10 31  15545.75
2013 11 01  15615.55
2013 11 04  15639.12
2013 11 05  15618.22
2013 11 06  15746.88
2013 11 07  15593.98
2013 11 08  15761.78
2013 11 11  15783.10
2013 11 12  15750.67
2013 11 13  15821.63
2013 11 14  15876.22
2013 11 15  15961.70
2013 11 18  15976.02
2013 11 19  15967.03
2013 11 20  15900.82
2013 11 21  16009.99
2013 11 22  16064.77
2013 11 25  16072.54
2013 11 26  16072.80
2013 11 27  16097.33
2013 11 29  16086.41
2013 12 02  16008.77
2013 12 03  15914.62
2013 12 04  15889.77
2013 12 05  15821.51
2013 12 06  16020.20
2013 12 09  16025.53
2013 12 10  15973.13
2013 12 11  15843.53
2013 12 12  15739.43
2013 12 13  15755.36
2013 12 16  15884.57
2013 12 17  15875.26
2013 12 18  16167.97
2013 12 19  16179.08
2013 12 20  16221.14
2013 12 23  16294.61
2013 12 24  16357.55
2013 12 26  16479.88
2013 12 27  16478.41
2013 12 30  16504.29
2013 12 31  16576.66
2014 01 02  16441.35
2014 01 03  16469.99
2014 01 06  16425.10
2014 01 07  16530.94
2014 01 08  16462.74
2014 01 09  16444.76
2014 01 10  16437.05
2014 01 13  16257.94
2014 01 14  16373.86
2014 01 15  16481.94
2014 01 16  16417.01
2014 01 17  16458.56
2014 01 21  16414.44
2014 01 22  16373.34
2014 01 23  16197.35
2014 01 24  15879.11
2014 01 27  15837.88
2014 01 28  15928.56
2014 01 29  15738.79
