1
3
7
8
101
102
104
105
106
108
110
200
201
208
209
210
300
304
305
307
308
311
400
402
403
411
501
502
504
505
506
507
509
510
511
601
602
603
607
608
610
700
701
704
706
708
711
801
802
803
804
806
807
810
811
900
901
903
904
905
908
909
911
1000
1003
1005
1007
1008
1009
1010
1011
1101
1102
1106
1109
1110
1111
10000
10001
10003
10005
10006
10007
10009
10010
10011
10102
10104
10105
10108
10109
10110
10202
10205
10206
10208
10210
10211
10300
10302
10303
10306
10309
10311
10401
10402
10404
10406
10410
10501
10502
10504
10505
10507
10508
10509
10510
10600
10602
10603
10605
10606
10608
10611
10700
10705
10709
10710
10711
10802
10803
10807
10810
10811
10900
10901
10902
10903
10904
10905
10907
10911
11000
11002
11003
11004
11006
11008
11009
11011
11100
11101
11103
11106
11107
11109
11110
11111
20000
20002
20004
20005
20008
20010
20011
20100
20101
20102
20105
20107
20108
20109
20110
20201
20202
20204
20207
20208
20211
20300
20301
20302
20306
20308
20310
20400
20403
20407
20409
20501
20502
20505
20506
20507
20510
20511
20600
20603
20604
20605
20606
20607
20608
20610
20700
20702
20705
20708
20710
20711
20800
20801
20802
20805
20806
20810
20811
20901
20902
20906
20907
20908
21001
21007
21009
21010
21100
21101
21102
21104
21106
21109
21110
30002
30007
30009
30010
30101
30104
30106
30108
30111
30200
30201
30202
30206
30207
30300
30301
30302
30307
30309
30310
30400
30403
30404
30405
30406
30407
30409
30411
30500
30503
30509
30510
30602
30605
30607
30609
30611
30701
30702
30703
30704
30705
30708
30709
30710
30801
30806
30810
30811
30901
30904
30905
30906
31002
31003
31004
31005
31006
31008
31009
31010
31011
31100
31102
31103
31104
31108
31110
31111
40000
40001
40002
40003
40005
40008
40009
40010
40011
40100
40102
40103
40104
40106
40107
40108
40109
40110
40111
40200
40201
40204
40206
40207
40208
40209
40300
40302
40303
40304
40305
40307
40308
40310
40311
40401
40406
40408
40411
40504
40505
40506
40508
40511
40601
40603
40608
40609
40611
40700
40701
40703
40705
40707
40710
40711
40800
40801
40804
40807
40809
40810
40901
40903
40904
40910
41000
41002
41004
41005
41006
41008
41011
41101
41104
41105
41106
41108
41111
50000
50003
50005
50008
50009
50010
50011
50100
50101
50103
50104
50105
50108
50203
50204
50206
50207
50210
50300
50303
50304
50305
50307
50309
50310
50311
50401
50404
50407
50408
50411
50500
50507
50510
50600
50604
50606
50607
50608
50609
50610
50702
50705
50706
50711
50800
50803
50806
50807
50808
50810
50811
50903
50906
50908
50909
50910
51000
51003
51004
51005
51006
51009
51010
51101
51103
51105
51106
51111
60001
60004
60006
60101
60104
60106
60107
60108
60200
60205
60206
60207
60210
60300
60301
60303
60304
60305
60309
60311
60401
60403
60404
60406
60407
60408
60409
60500
60501
60503
60505
60506
60507
60508
60509
60510
60511
60601
60602
60604
60606
60607
60608
60609
60611
60700
60701
60702
60704
60707
60711
60800
60801
60804
60808
60902
60904
60907
60908
60911
61000
61001
61005
61007
61010
61101
61103
61105
61107
61111
70000
70005
70007
70009
70102
70103
70104
70105
70106
70107
70109
70110
70200
70201
70202
70204
70206
70210
70211
70303
70304
70305
70306
70307
70310
70400
70401
70405
70407
70410
70411
70501
70502
70503
70504
70506
70507
70511
70601
70603
70605
70606
70609
70611
70700
70704
70705
70706
70707
70708
70710
70801
70804
70806
70808
70903
70904
70905
70906
70908
70909
71000
71002
71009
71010
71011
71100
71103
71108
71109
71111
80000
80001
80002
80003
80006
80007
80008
80011
80102
80103
80104
80105
80106
80107
80108
80109
80110
80111
80200
80201
80202
80203
80204
80205
80206
80208
80210
80211
80303
80310
80401
80404
80405
80406
80408
80409
80410
80411
80500
80502
80510
80603
80604
80605
80606
80611
80700
80701
80702
80704
80705
80707
80708
80709
80711
80800
80803
80804
80805
80807
80808
80810
80900
80901
80902
80903
80904
80905
80908
81000
81001
81004
81005
81007
81008
81009
81103
81106
81107
90000
90002
90005
90006
90007
90008
90100
90101
90105
90106
90109
90111
90201
90206
90208
90210
90301
90306
90307
90308
90309
90310
90401
90402
90403
90405
90406
90407
90408
90409
90410
90411
90500
90501
90502
90503
90505
90506
90507
90508
90510
90511
90600
90601
90604
90605
90606
90607
90608
90609
90702
90703
90704
90705
90707
90711
90803
90804
90806
90808
90809
90900
90906
90907
90910
90911
91000
91001
91004
91007
91008
91100
91103
91104
91108
91111
100001
100003
100006
100010
100011
100101
100102
100103
100104
100108
100109
100110
100111
100202
100203
100204
100207
100208
100209
100210
100211
100300
100301
100302
100305
100308
100401
100402
100403
100404
100406
100408
100409
100411
100500
100501
100503
100507
100508
100509
100600
100601
100602
100604
100605
100607
100608
100611
100701
100706
100707
100709
100711
100800
100801
100802
100806
100808
100809
100901
100903
100904
100905
100907
100910
100911
101000
101001
101003
101004
101005
101006
101009
101010
101011
101100
101101
101102
101103
101111
110004
110005
110008
110102
110103
110104
110105
110106
110108
110201
110202
110206
110207
110208
110210
110300
110301
110303
110304
110306
110309
110310
110311
110401
110403
110404
110405
110406
110407
110408
110409
110410
110411
110500
110501
110503
110504
110506
110507
110508
110509
110511
110600
110601
110603
110604
110605
110606
110607
110608
110609
110700
110701
110702
110704
110705
110707
110709
110710
110801
110802
110803
110806
110808
110809
110810
110900
110902
110905
110908
111001
111002
111003
111004
111005
111008
111009
111011
111101
111102
111103
111111
