1
2
8
9
101
104
105
106
110
201
203
206
207
208
210
211
301
304
308
309
311
401
404
406
409
410
501
503
506
507
511
601
604
605
609
700
707
708
709
710
800
801
802
803
804
805
806
808
810
909
1001
1004
1006
1007
1011
1100
1101
1102
1103
1104
1105
1106
1108
1110
10001
10002
10003
10005
10010
10011
10100
10102
10105
10106
10107
10110
10111
10200
10206
10209
10305
10306
10307
10308
10309
10311
10402
10403
10404
10405
10409
10410
10411
10500
10502
10504
10505
10506
10507
10508
10511
10606
10607
10608
10609
10701
10704
10705
10706
10708
10711
10801
10803
10804
10805
10808
10811
10900
10901
10902
10903
10905
10910
10911
11001
11003
11004
11106
11109
11111
20004
20006
20009
20104
20106
20108
20111
20200
20201
20203
20206
20208
20209
20210
20301
20302
20303
20304
20305
20306
20307
20311
20400
20402
20403
20405
20407
20408
20409
20500
20502
20503
20504
20506
20509
20511
20602
20603
20604
20605
20606
20608
20609
20701
20703
20704
20705
20706
20709
20800
20801
20802
20803
20805
20806
20808
20809
20810
20900
20902
20906
20907
20910
21000
21002
21006
21008
21010
21101
21102
21103
21104
21108
21110
30002
30003
30005
30006
30009
30010
30011
30100
30101
30103
30104
30106
30107
30109
30202
30204
30205
30206
30210
30211
30302
30304
30307
30310
30311
30402
30405
30406
30408
30410
30411
30600
30601
30604
30605
30607
30608
30700
30702
30704
30710
30711
30800
30801
30802
30803
30804
30806
30807
30809
30810
30811
30901
30902
30905
30908
30910
30911
31000
31003
31004
31005
31006
31008
31009
31010
31100
31101
31106
31109
31110
31111
40004
40005
40006
40007
40102
40104
40105
40106
40108
40109
40110
40111
40200
40201
40202
40203
40204
40205
40207
40208
40211
40300
40303
40304
40305
40306
40310
40400
40405
40406
40408
40409
40411
40503
40504
40506
40508
40509
40602
40603
40606
40608
40609
40701
40703
40704
40707
40803
40806
40808
40809
40811
40900
40903
40904
40905
40908
40909
40911
41001
41002
41006
41007
41102
41103
41105
41106
41109
41111
50001
50002
50003
50005
50011
50100
50101
50102
50104
50110
50200
50203
50204
50211
50300
50301
50302
50401
50402
50405
50407
50500
50501
50503
50504
50505
50510
50601
50602
50604
50608
50611
50702
50705
50707
50708
50709
50710
50800
50801
50802
50803
50807
50808
50900
50903
50907
50909
51000
51004
51007
51008
51102
51103
51104
51105
51108
51110
60000
60001
60004
60007
60008
60010
60011
60105
60107
60110
60202
60204
60205
60211
60301
60302
60304
60306
60309
60310
60311
60401
60402
60403
60404
60407
60500
60504
60508
60601
60605
60606
60607
60608
60610
60611
60700
60701
60703
60704
60707
60708
60800
60802
60805
60806
60808
60809
60811
60900
60901
60902
60904
60906
60908
60910
60911
61000
61001
61002
61003
61008
61009
61103
61104
61106
61109
61111
70001
70002
70003
70004
70006
70011
70100
70101
70102
70105
70111
70200
70202
70207
70208
70300
70308
70400
70401
70402
70405
70410
70503
70505
70506
70508
70510
70600
70602
70605
70607
70608
70707
70709
70710
70802
70804
70806
70808
70900
70902
70903
70904
70906
70907
70909
70910
71001
71002
71004
71008
71010
71011
71100
71105
71106
71107
71108
71109
80000
80001
80003
80006
80007
80010
80102
80110
80111
80200
80201
80202
80203
80204
80205
80206
80209
80210
80300
80301
80305
80306
80307
80309
80310
80400
80403
80404
80406
80407
80408
80411
80501
80504
80505
80507
80508
80510
80511
80601
80602
80604
80605
80606
80607
80608
80609
80611
80701
80703
80704
80710
80711
80801
80802
80803
80806
80809
80810
80901
80902
80905
80906
80907
80909
80910
81000
81002
81003
81005
81007
81010
81101
81104
81105
81106
81108
81109
81110
81111
90002
90003
90004
90006
90008
90010
90011
90102
90103
90104
90105
90107
90108
90111
90201
90202
90203
90206
90207
90303
90305
90306
90310
90311
90406
90407
90409
90501
90503
90504
90505
90508
90511
90600
90601
90602
90603
90604
90605
90610
90611
90700
90701
90702
90703
90706
90708
90711
90802
90803
90806
90808
90810
90903
90905
90906
90907
90908
90909
90911
91000
91005
91007
91100
91101
91102
91103
91104
91108
91109
100002
100003
100006
100007
100009
100010
100101
100102
100103
100104
100106
100107
100108
100109
100110
100201
100206
100207
100210
100304
100305
100306
100307
100310
100311
100402
100409
100410
100501
100502
100504
100509
100510
100511
100600
100601
100603
100606
100700
100710
100711
100801
100807
100808
100900
100902
100903
100904
100906
100907
100908
100909
100911
101001
101002
101005
101009
101011
101101
101102
101105
101106
101107
101110
101111
110003
110004
110005
110006
110008
110010
110101
110102
110103
110106
110108
110110
110200
110201
110202
110208
110210
110211
110300
110302
110303
110304
110305
110306
110307
110309
110311
110400
110404
110405
110409
110410
110500
110501
110502
110503
110509
110511
110601
110604
110605
110606
110607
110703
110704
110707
110709
110800
110801
110802
110805
110807
110810
110900
110904
110905
110906
110909
111001
111004
111007
111100
111102
111103
111104
111106
111107
111109
111110
