20401
60205
50000
30411
01008
101101
71111
51004
30202
01103
50709
11001
110502
80710
50101
10302
50304
40808
31101
51111
31111
20606
10708
40105
60611
70000
30206
00009
50510
40308
50300
71009
10608
00709
30309
30702
31103
100109
00406
00806
50104
30500
90010
50703
60410
70002
81000
30709
60008
10501
40207
80504
10404
100007
90511
90901
111003
100006
00408
30601
90011
00911
80200
50400
50803
10409
100102
60707
40609
110101
10410
60811
21103
41001
50111
51105
61001
20508
80110
21106
30206
100005
70804
50111
60606
110004
41101
21109
110807
30310
50400
20302
101109
70600
70710
80304
100304
110104
70210
80802
30211
20210
40902
71004
110407
110109
10011
50307
60009
80106
91002
31003
70904
70210
50601
90508
60307
50911
50500
70604
30105
20803
50001
60703
80210
61000
40603
40505
90703
50707
20606
10911
10005
90104
20602
50907
01108
91002
00907
110909
31008
10802
80505
90910
110400
80906
40709
81004
40408
41110
21108
110806
100807
41103
100607
110208
60900
40702
90005
70807
10010
80610
70901
00407
10403
60506
30011
21110
40502
40609
00201
51003
80708
61105
71106
20910
10411
10505
80309
10801
10405
91105
10900
110008
11106
110511
110911
50702
00700
90607
80307
71007
30500
100808
100811
100805
00909
81101
70900
110308
110609
60402
40101
41006
100410
90910
21101
70807
90002
110505
30604
101101
00906
100106
80408
100509
30003
51010
70100
110003
30910
90903
110510
90011
20709
50807
100501
100000
50807
30209
21110
110806
60101
60800
110406
110900
00506
81102
30403
110305
50907
90104
40811
90711
90003
10711
11109
100108
11100
90402
00311
101101
101011
00301
40105
80605
110904
80300
90602
90603
90901
00605
30508
30402
81109
01100
30900
70707
20500
60005
50100
81009
00311
70610
30609
60007
90107
50800
91006
91007
90202
71008
80503
10607
100409
110106
50801
50504
10507
111106
61003
70007
70403
90810
00702
30102
100007
00906
20308
00410
11004
30806
41106
30209
81002
11105
80202
20206
30304
20511
90908
70102
21109
80907
90105
50705
20801
40706
110404
00709
40109
100007
51007
00001
30408
80408
80505
30800
110709
30109
61101
20402
10502
80407
40004
80507
10100
70907
61003
10110
00301
90406
30410
60303
20201
61105
10608
60004
100903
90709
61106
40902
50101
90504
10411
30002
20506
00506
71100
20906
110501
40310
50304
80305
40902
70401
00203
60010
110105
10304
30103
110901
30809
80506
00401
01008
10910
70400
50000
80306
70906
101102
60310
71109
40701
10201
40602
10105
110508
51105
80604
50508
71001
60005
80108
30905
80400
101111
60310
20702
110609
00610
91103
30602
80406
10306
00308
90311
80204
60704
20702
20109
10900
90310
31000
70400
30903
10001
80304
101106
71009
00609
90504
110208
30103
70310
70006
60508
51108
40503
80602
40900
90708
110103
20502
100705
80103
110607
110311
30206
61011
70402
60809
50200
70900
110200
50005
80606
91100
80601
30710
11001
10903
110010
00409
90507
60001
30404
100009
70105
60910
90702
01105
00410
40109
100504
80501
81010
30711
61109
11103
00300
30010
70410
100102
01007
50802
90802
00708
110004
110304
90909
110204
111102
60500
01003
100306
111002
00800
00908
90101
00709
80805
50800
80707
50302
00002
10804
40911
40502
40803
20604
21103
91010
00503
40600
20408
10102
80009
100601
00906
01011
70308
50408
50408
40006
10010
61009
00604
90908
60008
81105
40807
10901
20907
40904
10511
00207
60806
10905
110405
30208
110600
80903
20004
10710
50505
40307
20800
61110
70607
60800
90810
30308
50402
90007
90605
30504
30811
10803
01002
60605
110601
60408
31103
80502
80710
110503
40805
00801
90008
80608
111002
11104
90608
60607
00105
11002
10407
100205
100101
110410
100502
10805
110201
70101
40111
100010
00308
60000
110900
90706
70508
70402
111103
20305
100408
70506
70404
50009
111002
20709
60506
01104
50002
100206
10700
20907
20907
90201
80111
20407
20803
60805
60304
00909
11006
51008
81111
70404
41100
60806
50509
30302
10111
40101
30702
80500
50202
20707
60507
60701
111109
100505
00610
00507
90002
50102
01008
30101
70605
90907
30107
80008
100311
91101
70107
50404
90501
10808
60606
40102
20610
20106
21006
90103
20102
40400
30510
80904
00501
110805
20601
60904
00907
00411
80006
00710
30805
110504
50708
20707
100808
00208
90701
11010
50005
90410
01004
20702
90111
60902
20608
90208
20408
41109
10403
10808
100210
80406
20207
110006
110211
80806
60204
20702
60203
71002
11100
10505
110308
30205
80604
90505
10511
110801
100907
70302
11004
10906
90700
21010
110407
101104
21000
30009
71010
10102
70108
20010
90610
40303
00101
70510
90309
20703
111001
00506
50401
40410
70709
50003
50110
60408
100600
60608
100710
90500
30510
00707
80904
60907
30809
10808
10910
60404
40300
40603
31006
80508
71105
41105
111107
41103
20808
60911
80605
00501
40608
60901
10902
20207
111110
60401
00208
00309
110808
40009
60002
40707
40702
70802
40206
40703
50108
70106
10811
90909
80003
60511
51007
30902
100606
40600
00404
71010
110107
31102
61002
70207
90905
30903
20106
30502
00801
110303
21109
90308
10308
30709
100206
100409
80511
40503
81101
60504
80901
50202
50903
11003
90308
80404
10910
01101
70003
80704
80501
60601
00804
110307
11109
70201
110500
110500
30604
10305
110903
40804
101105
00001
30508
31103
40003
110202
70906
00310
70209
100110
70900
20601
60805
110302
80901
70804
20006
30902
100700
60901
111007
80507
80309
80205
30110
30911
90305
60403
20104
00106
70404
10901
70505
20605
20403
40601
91108
90203
101109
90410
60207
60011
30501
20210
80201
20003
80108
10800
20108
90406
40400
50111
40310
100100
70400
80309
90503
11106
01004
51005
100307
21104
11104
110210
70300
110903
00803
70911
10106
60110
40504
50408
20311
100705
110800
10510
70200
110500
10903
30804
81010
100108
00209
11009
10904
80708
20011
100711
80203
110400
30405
70809
100708
10508
00611
40706
50111
20902
10703
20611
80000
100505
20109
71011
10500
30002
31109
30801
70806
21007
01008
100911
110900
21004
30601
70111
00304
101107
90600
20906
61111
50311
70604
70100
00507
11000
50300
20511
80909
80905
00702
70107
60306
110707
30807
110609
80102
90808
00211
50611
00802
110311
40000
51010
40101
40406
80010
90511
30903
110502
60301
00611
80605
40606
111104
00210
100109
40002
30805
40806
10507
10709
50402
60800
30209
111104
40506
100500
110510
01106
90400
51103
100608
10808
61104
00801
80309
50302
40806
91103
80704
80104
